0.124141 1000.000000 2000.000000 3000.000000 4000.000000
0.189695 1000.000000 2000.000000 3000.000000 4000.000000
0.285071 1000.000000 2000.000000 3000.000000 4000.000000
0.380117 1000.000000 2000.000000 3000.000000 4000.000000
0.475059 1000.000000 2000.000000 3000.000000 4000.000000
0.570654 1000.000000 2000.000000 3000.000000 4000.000000
0.665089 1000.000000 2000.000000 3000.000000 4000.000000
0.761842 1000.000000 2000.000000 3000.000000 4000.000000
0.861771 1000.000000 2000.000000 3000.000000 4000.000000
0.961523 1000.000000 2000.000000 3000.000000 4000.000000
1.062095 1000.000000 2000.000000 3000.000000 4000.000000
1.161468 1000.000000 2000.000000 3000.000000 4000.000000
1.261841 1000.000000 2000.000000 3000.000000 4000.000000
1.364122 1000.000000 2000.000000 3000.000000 4000.000000
1.461192 1000.000000 2000.000000 3000.000000 4000.000000
1.561494 1000.000000 2000.000000 3000.000000 4000.000000
1.661570 1000.000000 2000.000000 3000.000000 4000.000000
1.762331 1000.000000 2000.000000 3000.000000 4000.000000
1.861514 1000.000000 2000.000000 3000.000000 4000.000000
1.962345 1000.000000 2000.000000 3000.000000 4000.000000
2.062385 1000.000000 2000.000000 3000.000000 4000.000000
2.162747 1000.000000 2000.000000 3000.000000 4000.000000
2.262964 1000.000000 2000.000000 3000.000000 4000.000000
2.362239 1000.000000 2000.000000 3000.000000 4000.000000
2.461391 1000.000000 2000.000000 3000.000000 4000.000000
2.562228 1000.000000 2000.000000 3000.000000 4000.000000
2.662814 1000.000000 2000.000000 3000.000000 4000.000000
2.761517 1000.000000 2000.000000 3000.000000 4000.000000
2.862293 1000.000000 2000.000000 3000.000000 4000.000000
2.961605 1000.000000 2000.000000 3000.000000 4000.000000
3.061597 1000.000000 2000.000000 3000.000000 4000.000000
3.161231 1000.000000 2000.000000 3000.000000 4000.000000
3.262329 1000.000000 2000.000000 3000.000000 4000.000000
3.361439 1000.000000 2000.000000 3000.000000 4000.000000
3.461312 1000.000000 2000.000000 3000.000000 4000.000000
3.561701 1000.000000 2000.000000 3000.000000 4000.000000
3.662050 1000.000000 2000.000000 3000.000000 4000.000000
3.762852 1000.000000 2000.000000 3000.000000 4000.000000
3.862399 1000.000000 2000.000000 3000.000000 4000.000000
3.962670 1000.000000 2000.000000 3000.000000 4000.000000
4.062338 1000.000000 2000.000000 3000.000000 4000.000000
4.162794 1000.000000 2000.000000 3000.000000 4000.000000
4.262527 1000.000000 2000.000000 3000.000000 4000.000000
4.362013 1000.000000 2000.000000 3000.000000 4000.000000
4.462982 1000.000000 2000.000000 3000.000000 4000.000000
4.562127 1000.000000 2000.000000 3000.000000 4000.000000
4.662514 1000.000000 2000.000000 3000.000000 4000.000000
4.762381 1000.000000 2000.000000 3000.000000 4000.000000
4.862517 1000.000000 2000.000000 3000.000000 4000.000000
4.962642 1000.000000 2000.000000 3000.000000 4000.000000
5.062087 1000.000000 2000.000000 3000.000000 4000.000000
5.161555 1000.000000 2000.000000 3000.000000 4000.000000
5.262512 1000.000000 2000.000000 3000.000000 4000.000000
5.362929 1000.000000 2000.000000 3000.000000 4000.000000
5.462019 1000.000000 2000.000000 3000.000000 4000.000000
5.561573 1000.000000 2000.000000 3000.000000 4000.000000
5.662731 1000.000000 2000.000000 3000.000000 4000.000000
5.761789 1000.000000 2000.000000 3000.000000 4000.000000
5.862534 1000.000000 2000.000000 3000.000000 4000.000000
5.962638 1000.000000 2000.000000 3000.000000 4000.000000
6.062388 1000.000000 2000.000000 3000.000000 4000.000000
6.162600 1000.000000 2000.000000 3000.000000 4000.000000
6.262494 1000.000000 2000.000000 3000.000000 4000.000000
6.362518 1000.000000 2000.000000 3000.000000 4000.000000
6.462599 1000.000000 2000.000000 3000.000000 4000.000000
6.562260 1000.000000 2000.000000 3000.000000 4000.000000
6.662512 1000.000000 2000.000000 3000.000000 4000.000000
6.762623 1000.000000 2000.000000 3000.000000 4000.000000
6.862554 1000.000000 2000.000000 3000.000000 4000.000000
6.962563 1000.000000 2000.000000 3000.000000 4000.000000
7.061637 1000.000000 2000.000000 3000.000000 4000.000000
7.161990 1000.000000 2000.000000 3000.000000 4000.000000
7.261919 1000.000000 2000.000000 3000.000000 4000.000000
7.362497 1000.000000 2000.000000 3000.000000 4000.000000
7.462573 1000.000000 2000.000000 3000.000000 4000.000000
7.562147 1000.000000 2000.000000 3000.000000 4000.000000
7.662428 1000.000000 2000.000000 3000.000000 4000.000000
7.762505 1000.000000 2000.000000 3000.000000 4000.000000
7.862498 1000.000000 2000.000000 3000.000000 4000.000000
7.962586 1000.000000 2000.000000 3000.000000 4000.000000
8.062341 1000.000000 2000.000000 3000.000000 4000.000000
8.162616 1000.000000 2000.000000 3000.000000 4000.000000
8.262786 1000.000000 2000.000000 3000.000000 4000.000000
8.361235 1000.000000 2000.000000 3000.000000 4000.000000
8.462041 1000.000000 2000.000000 3000.000000 4000.000000
8.562135 1000.000000 2000.000000 3000.000000 4000.000000
8.662682 1000.000000 2000.000000 3000.000000 4000.000000
8.761234 1000.000000 2000.000000 3000.000000 4000.000000
8.861486 1000.000000 2000.000000 3000.000000 4000.000000
8.962018 1000.000000 2000.000000 3000.000000 4000.000000
9.062142 1000.000000 2000.000000 3000.000000 4000.000000
9.162505 1000.000000 2000.000000 3000.000000 4000.000000
9.262040 1000.000000 2000.000000 3000.000000 4000.000000
9.362063 1000.000000 2000.000000 3000.000000 4000.000000
9.461342 1000.000000 2000.000000 3000.000000 4000.000000
9.561446 1000.000000 2000.000000 3000.000000 4000.000000
9.662481 1000.000000 2000.000000 3000.000000 4000.000000
9.762663 1000.000000 2000.000000 3000.000000 4000.000000
9.861145 1000.000000 2000.000000 3000.000000 4000.000000
9.961811 1000.000000 2000.000000 3000.000000 4000.000000
10.061945 1000.000000 2000.000000 3000.000000 4000.000000
10.161675 1000.000000 2000.000000 3000.000000 4000.000000
10.261495 1000.000000 2000.000000 3000.000000 4000.000000
10.362783 1000.000000 2000.000000 3000.000000 4000.000000
10.461798 1000.000000 2000.000000 3000.000000 4000.000000
10.562411 1000.000000 2000.000000 3000.000000 4000.000000
10.661996 1000.000000 2000.000000 3000.000000 4000.000000
10.762448 1000.000000 2000.000000 3000.000000 4000.000000
10.862728 1000.000000 2000.000000 3000.000000 4000.000000
10.962091 1000.000000 2000.000000 3000.000000 4000.000000
11.061831 1000.000000 2000.000000 3000.000000 4000.000000
11.161958 1000.000000 2000.000000 3000.000000 4000.000000
11.261743 1000.000000 2000.000000 3000.000000 4000.000000
11.362206 1000.000000 2000.000000 3000.000000 4000.000000
11.462686 1000.000000 2000.000000 3000.000000 4000.000000
11.561696 1000.000000 2000.000000 3000.000000 4000.000000
11.662327 1000.000000 2000.000000 3000.000000 4000.000000
11.762668 1000.000000 2000.000000 3000.000000 4000.000000
11.862692 1000.000000 2000.000000 3000.000000 4000.000000
11.962658 1000.000000 2000.000000 3000.000000 4000.000000
12.061845 1000.000000 2000.000000 3000.000000 4000.000000
12.162631 1000.000000 2000.000000 3000.000000 4000.000000
12.262689 1000.000000 2000.000000 3000.000000 4000.000000
12.362577 1000.000000 2000.000000 3000.000000 4000.000000
12.462629 1000.000000 2000.000000 3000.000000 4000.000000
12.562121 1000.000000 2000.000000 3000.000000 4000.000000
12.662763 1000.000000 2000.000000 3000.000000 4000.000000
12.762190 1000.000000 2000.000000 3000.000000 4000.000000
12.862578 1000.000000 2000.000000 3000.000000 4000.000000
12.962659 1000.000000 2000.000000 3000.000000 4000.000000
13.062262 1000.000000 2000.000000 3000.000000 4000.000000
13.162676 1000.000000 2000.000000 3000.000000 4000.000000
13.262607 1000.000000 2000.000000 3000.000000 4000.000000
13.362701 1000.000000 2000.000000 3000.000000 4000.000000
13.462997 1000.000000 2000.000000 3000.000000 4000.000000
13.561552 1000.000000 2000.000000 3000.000000 4000.000000
13.662571 1000.000000 2000.000000 3000.000000 4000.000000
13.762672 1000.000000 2000.000000 3000.000000 4000.000000
13.862747 1000.000000 2000.000000 3000.000000 4000.000000
13.962594 1000.000000 2000.000000 3000.000000 4000.000000
14.062379 1000.000000 2000.000000 3000.000000 4000.000000
14.161820 1000.000000 2000.000000 3000.000000 4000.000000
14.261454 1000.000000 2000.000000 3000.000000 4000.000000
14.362782 1000.000000 2000.000000 3000.000000 4000.000000
14.462301 1000.000000 2000.000000 3000.000000 4000.000000
0.105805 1000.000000 2000.000000 3000.000000 4000.000000
0.211632 1000.000000 2000.000000 3000.000000 4000.000000
0.315380 1000.000000 2000.000000 3000.000000 4000.000000
0.421925 1000.000000 2000.000000 3000.000000 4000.000000
0.527085 1000.000000 2000.000000 3000.000000 4000.000000
0.630953 1000.000000 2000.000000 3000.000000 4000.000000
0.735561 1000.000000 2000.000000 3000.000000 4000.000000
0.841582 1000.000000 2000.000000 3000.000000 4000.000000
0.945575 1000.000000 2000.000000 3000.000000 4000.000000
1.050137 1000.000000 2000.000000 3000.000000 4000.000000
1.150608 1000.000000 2000.000000 3000.000000 4000.000000
1.250444 1000.000000 2000.000000 3000.000000 4000.000000
1.350573 1000.000000 2000.000000 3000.000000 4000.000000
1.450622 1000.000000 2000.000000 3000.000000 4000.000000
1.550158 1000.000000 2000.000000 3000.000000 4000.000000
1.650514 1000.000000 2000.000000 3000.000000 4000.000000
1.749748 1000.000000 2000.000000 3000.000000 4000.000000
1.850642 1000.000000 2000.000000 3000.000000 4000.000000
1.950705 1000.000000 2000.000000 3000.000000 4000.000000
2.049390 1000.000000 2000.000000 3000.000000 4000.000000
2.150662 1000.000000 2000.000000 3000.000000 4000.000000
2.376849 1000.000000 2000.000000 3000.000000 4000.000000
2.472079 1000.000000 2000.000000 3000.000000 4000.000000
2.566799 1000.000000 2000.000000 3000.000000 4000.000000
2.661297 1000.000000 2000.000000 3000.000000 4000.000000
2.757004 1000.000000 2000.000000 3000.000000 4000.000000
2.851589 1000.000000 2000.000000 3000.000000 4000.000000
2.949815 1000.000000 2000.000000 3000.000000 4000.000000
3.049711 1000.000000 2000.000000 3000.000000 4000.000000
3.149316 1000.000000 2000.000000 3000.000000 4000.000000
3.249956 1000.000000 2000.000000 3000.000000 4000.000000
3.350536 1000.000000 2000.000000 3000.000000 4000.000000
3.450874 1000.000000 2000.000000 3000.000000 4000.000000
3.549545 1000.000000 2000.000000 3000.000000 4000.000000
3.650529 1000.000000 2000.000000 3000.000000 4000.000000
3.750066 1000.000000 2000.000000 3000.000000 4000.000000
3.849814 1000.000000 2000.000000 3000.000000 4000.000000
3.949850 1000.000000 2000.000000 3000.000000 4000.000000
4.090182 1000.000000 2000.000000 3000.000000 4000.000000
4.150456 1000.000000 2000.000000 3000.000000 4000.000000
4.249800 1000.000000 2000.000000 3000.000000 4000.000000
4.349877 1000.000000 2000.000000 3000.000000 4000.000000
4.449814 1000.000000 2000.000000 3000.000000 4000.000000
4.550082 1000.000000 2000.000000 3000.000000 4000.000000
4.650572 1000.000000 2000.000000 3000.000000 4000.000000
4.750571 1000.000000 2000.000000 3000.000000 4000.000000
4.850465 1000.000000 2000.000000 3000.000000 4000.000000
4.949997 1000.000000 2000.000000 3000.000000 4000.000000
5.050138 1000.000000 2000.000000 3000.000000 4000.000000
5.149651 1000.000000 2000.000000 3000.000000 4000.000000
5.250161 1000.000000 2000.000000 3000.000000 4000.000000
5.349793 1000.000000 2000.000000 3000.000000 4000.000000
5.449791 1000.000000 2000.000000 3000.000000 4000.000000
5.550321 1000.000000 2000.000000 3000.000000 4000.000000
5.650040 1000.000000 2000.000000 3000.000000 4000.000000
5.750611 1000.000000 2000.000000 3000.000000 4000.000000
5.850467 1000.000000 2000.000000 3000.000000 4000.000000
5.949734 1000.000000 2000.000000 3000.000000 4000.000000
6.049353 1000.000000 2000.000000 3000.000000 4000.000000
6.149875 1000.000000 2000.000000 3000.000000 4000.000000
6.249573 1000.000000 2000.000000 3000.000000 4000.000000
6.350475 1000.000000 2000.000000 3000.000000 4000.000000
6.450626 1000.000000 2000.000000 3000.000000 4000.000000
6.550113 1000.000000 2000.000000 3000.000000 4000.000000
6.650018 1000.000000 2000.000000 3000.000000 4000.000000
6.749652 1000.000000 2000.000000 3000.000000 4000.000000
6.850541 1000.000000 2000.000000 3000.000000 4000.000000
6.950409 1000.000000 2000.000000 3000.000000 4000.000000
7.050110 1000.000000 2000.000000 3000.000000 4000.000000
7.150429 1000.000000 2000.000000 3000.000000 4000.000000
7.249621 1000.000000 2000.000000 3000.000000 4000.000000
7.349272 1000.000000 2000.000000 3000.000000 4000.000000
7.449937 1000.000000 2000.000000 3000.000000 4000.000000
7.549570 1000.000000 2000.000000 3000.000000 4000.000000
7.650205 1000.000000 2000.000000 3000.000000 4000.000000
7.749972 1000.000000 2000.000000 3000.000000 4000.000000
7.850470 1000.000000 2000.000000 3000.000000 4000.000000
7.950423 1000.000000 2000.000000 3000.000000 4000.000000
8.050247 1000.000000 2000.000000 3000.000000 4000.000000
8.149601 1000.000000 2000.000000 3000.000000 4000.000000
8.249881 1000.000000 2000.000000 3000.000000 4000.000000
8.349761 1000.000000 2000.000000 3000.000000 4000.000000
8.450545 1000.000000 2000.000000 3000.000000 4000.000000
8.549497 1000.000000 2000.000000 3000.000000 4000.000000
8.649873 1000.000000 2000.000000 3000.000000 4000.000000
8.749878 1000.000000 2000.000000 3000.000000 4000.000000
8.850480 1000.000000 2000.000000 3000.000000 4000.000000
9.007939 1000.000000 2000.000000 3000.000000 4000.000000
9.049699 1000.000000 2000.000000 3000.000000 4000.000000
9.150504 1000.000000 2000.000000 3000.000000 4000.000000
9.249780 1000.000000 2000.000000 3000.000000 4000.000000
9.350382 1000.000000 2000.000000 3000.000000 4000.000000
9.450560 1000.000000 2000.000000 3000.000000 4000.000000
9.550252 1000.000000 2000.000000 3000.000000 4000.000000
9.649761 1000.000000 2000.000000 3000.000000 4000.000000
9.750462 1000.000000 2000.000000 3000.000000 4000.000000
9.850507 1000.000000 2000.000000 3000.000000 4000.000000
9.949309 1000.000000 2000.000000 3000.000000 4000.000000
10.049261 1000.000000 2000.000000 3000.000000 4000.000000
10.149947 1000.000000 2000.000000 3000.000000 4000.000000
10.249820 1000.000000 2000.000000 3000.000000 4000.000000
10.350411 1000.000000 2000.000000 3000.000000 4000.000000
10.450522 1000.000000 2000.000000 3000.000000 4000.000000
10.550106 1000.000000 2000.000000 3000.000000 4000.000000
10.650494 1000.000000 2000.000000 3000.000000 4000.000000
10.749633 1000.000000 2000.000000 3000.000000 4000.000000
10.849660 1000.000000 2000.000000 3000.000000 4000.000000
10.950488 1000.000000 2000.000000 3000.000000 4000.000000
11.050070 1000.000000 2000.000000 3000.000000 4000.000000
11.150431 1000.000000 2000.000000 3000.000000 4000.000000
11.250596 1000.000000 2000.000000 3000.000000 4000.000000
11.350117 1000.000000 2000.000000 3000.000000 4000.000000
11.449137 1000.000000 2000.000000 3000.000000 4000.000000
11.549490 1000.000000 2000.000000 3000.000000 4000.000000
11.649793 1000.000000 2000.000000 3000.000000 4000.000000
11.749903 1000.000000 2000.000000 3000.000000 4000.000000
11.850420 1000.000000 2000.000000 3000.000000 4000.000000
11.949473 1000.000000 2000.000000 3000.000000 4000.000000
12.049576 1000.000000 2000.000000 3000.000000 4000.000000
12.149954 1000.000000 2000.000000 3000.000000 4000.000000
12.250022 1000.000000 2000.000000 3000.000000 4000.000000
12.349197 1000.000000 2000.000000 3000.000000 4000.000000
12.449662 1000.000000 2000.000000 3000.000000 4000.000000
12.549369 1000.000000 2000.000000 3000.000000 4000.000000
12.649580 1000.000000 2000.000000 3000.000000 4000.000000
12.749780 1000.000000 2000.000000 3000.000000 4000.000000
12.850172 1000.000000 2000.000000 3000.000000 4000.000000
12.949338 1000.000000 2000.000000 3000.000000 4000.000000
13.049334 1000.000000 2000.000000 3000.000000 4000.000000
13.150423 1000.000000 2000.000000 3000.000000 4000.000000
13.250452 1000.000000 2000.000000 3000.000000 4000.000000
13.350418 1000.000000 2000.000000 3000.000000 4000.000000
13.449838 1000.000000 2000.000000 3000.000000 4000.000000
13.549686 1000.000000 2000.000000 3000.000000 4000.000000
13.649841 1000.000000 2000.000000 3000.000000 4000.000000
13.750619 1000.000000 2000.000000 3000.000000 4000.000000
13.850539 1000.000000 2000.000000 3000.000000 4000.000000
13.950662 1000.000000 2000.000000 3000.000000 4000.000000
14.049324 1000.000000 2000.000000 3000.000000 4000.000000
14.150076 1000.000000 2000.000000 3000.000000 4000.000000
14.250599 1000.000000 2000.000000 3000.000000 4000.000000
14.349793 1000.000000 2000.000000 3000.000000 4000.000000
14.449226 1000.000000 2000.000000 3000.000000 4000.000000
14.549528 1000.000000 2000.000000 3000.000000 4000.000000
14.650523 1000.000000 2000.000000 3000.000000 4000.000000
14.750176 1000.000000 2000.000000 3000.000000 4000.000000
14.850596 1000.000000 2000.000000 3000.000000 4000.000000
14.949934 1000.000000 2000.000000 3000.000000 4000.000000
15.049632 1000.000000 2000.000000 3000.000000 4000.000000
15.149746 1000.000000 2000.000000 3000.000000 4000.000000
15.249926 1000.000000 2000.000000 3000.000000 4000.000000
15.350524 1000.000000 2000.000000 3000.000000 4000.000000
15.449770 1000.000000 2000.000000 3000.000000 4000.000000
15.549343 1000.000000 2000.000000 3000.000000 4000.000000
15.650535 1000.000000 2000.000000 3000.000000 4000.000000
15.749913 1000.000000 2000.000000 3000.000000 4000.000000
15.850698 1000.000000 2000.000000 3000.000000 4000.000000
15.949125 1000.000000 2000.000000 3000.000000 4000.000000
16.050614 1000.000000 2000.000000 3000.000000 4000.000000
16.150416 1000.000000 2000.000000 3000.000000 4000.000000
16.250660 1000.000000 2000.000000 3000.000000 4000.000000
16.350443 1000.000000 2000.000000 3000.000000 4000.000000
16.449874 1000.000000 2000.000000 3000.000000 4000.000000
16.550117 1000.000000 2000.000000 3000.000000 4000.000000
16.649378 1000.000000 2000.000000 3000.000000 4000.000000
16.750416 1000.000000 2000.000000 3000.000000 4000.000000
16.850447 1000.000000 2000.000000 3000.000000 4000.000000
16.950115 1000.000000 2000.000000 3000.000000 4000.000000
17.049467 1000.000000 2000.000000 3000.000000 4000.000000
17.150126 1000.000000 2000.000000 3000.000000 4000.000000
17.250630 1000.000000 2000.000000 3000.000000 4000.000000
17.349281 1000.000000 2000.000000 3000.000000 4000.000000
17.450539 1000.000000 2000.000000 3000.000000 4000.000000
17.549510 1000.000000 2000.000000 3000.000000 4000.000000
17.649353 1000.000000 2000.000000 3000.000000 4000.000000
17.750709 1000.000000 2000.000000 3000.000000 4000.000000
17.849804 1000.000000 2000.000000 3000.000000 4000.000000
17.949935 1000.000000 2000.000000 3000.000000 4000.000000
18.050503 1000.000000 2000.000000 3000.000000 4000.000000
18.149872 1000.000000 2000.000000 3000.000000 4000.000000
18.249856 1000.000000 2000.000000 3000.000000 4000.000000
18.349233 1000.000000 2000.000000 3000.000000 4000.000000
18.450568 1000.000000 2000.000000 3000.000000 4000.000000
18.549400 1000.000000 2000.000000 3000.000000 4000.000000
18.649519 1000.000000 2000.000000 3000.000000 4000.000000
18.750737 1000.000000 2000.000000 3000.000000 4000.000000
18.850560 1000.000000 2000.000000 3000.000000 4000.000000
18.950599 1000.000000 2000.000000 3000.000000 4000.000000
19.049651 1000.000000 2000.000000 3000.000000 4000.000000
19.149968 1000.000000 2000.000000 3000.000000 4000.000000
19.249788 1000.000000 2000.000000 3000.000000 4000.000000
19.349783 1000.000000 2000.000000 3000.000000 4000.000000
19.450560 1000.000000 2000.000000 3000.000000 4000.000000
19.549373 1000.000000 2000.000000 3000.000000 4000.000000
19.650505 1000.000000 2000.000000 3000.000000 4000.000000
19.749802 1000.000000 2000.000000 3000.000000 4000.000000
19.850759 1000.000000 2000.000000 3000.000000 4000.000000
19.949748 1000.000000 2000.000000 3000.000000 4000.000000
20.050237 1000.000000 2000.000000 3000.000000 4000.000000
20.150755 1000.000000 2000.000000 3000.000000 4000.000000
20.250477 1000.000000 2000.000000 3000.000000 4000.000000
20.349997 1000.000000 2000.000000 3000.000000 4000.000000
20.449556 1000.000000 2000.000000 3000.000000 4000.000000
20.549389 1000.000000 2000.000000 3000.000000 4000.000000
20.650529 1000.000000 2000.000000 3000.000000 4000.000000
20.750423 1000.000000 2000.000000 3000.000000 4000.000000
20.850018 1000.000000 2000.000000 3000.000000 4000.000000
20.949372 1000.000000 2000.000000 3000.000000 4000.000000
21.049730 1000.000000 2000.000000 3000.000000 4000.000000
21.150519 1000.000000 2000.000000 3000.000000 4000.000000
21.250475 1000.000000 2000.000000 3000.000000 4000.000000
21.349895 1000.000000 2000.000000 3000.000000 4000.000000
21.449879 1000.000000 2000.000000 3000.000000 4000.000000
21.550017 1000.000000 2000.000000 3000.000000 4000.000000
21.650153 1000.000000 2000.000000 3000.000000 4000.000000
21.750531 1000.000000 2000.000000 3000.000000 4000.000000
21.849752 1000.000000 2000.000000 3000.000000 4000.000000
21.949219 1000.000000 2000.000000 3000.000000 4000.000000
22.049579 1000.000000 2000.000000 3000.000000 4000.000000
22.150480 1000.000000 2000.000000 3000.000000 4000.000000
22.250488 1000.000000 2000.000000 3000.000000 4000.000000
22.349496 1000.000000 2000.000000 3000.000000 4000.000000
22.449410 1000.000000 2000.000000 3000.000000 4000.000000
22.549508 1000.000000 2000.000000 3000.000000 4000.000000
22.649860 1000.000000 2000.000000 3000.000000 4000.000000
22.749877 1000.000000 2000.000000 3000.000000 4000.000000
22.850465 1000.000000 2000.000000 3000.000000 4000.000000
22.950400 1000.000000 2000.000000 3000.000000 4000.000000
23.050018 1000.000000 2000.000000 3000.000000 4000.000000
23.150449 1000.000000 2000.000000 3000.000000 4000.000000
23.249867 1000.000000 2000.000000 3000.000000 4000.000000
23.349864 1000.000000 2000.000000 3000.000000 4000.000000
23.450121 1000.000000 2000.000000 3000.000000 4000.000000
23.550062 1000.000000 2000.000000 3000.000000 4000.000000
23.650478 1000.000000 2000.000000 3000.000000 4000.000000
23.749357 1000.000000 2000.000000 3000.000000 4000.000000
23.849742 1000.000000 2000.000000 3000.000000 4000.000000
24.051942 1000.000000 2000.000000 3000.000000 4000.000000
24.149900 1000.000000 2000.000000 3000.000000 4000.000000
24.249314 1000.000000 2000.000000 3000.000000 4000.000000
24.350094 1000.000000 2000.000000 3000.000000 4000.000000
24.450582 1000.000000 2000.000000 3000.000000 4000.000000
24.549399 1000.000000 2000.000000 3000.000000 4000.000000
24.650438 1000.000000 2000.000000 3000.000000 4000.000000
24.749637 1000.000000 2000.000000 3000.000000 4000.000000
24.849867 1000.000000 2000.000000 3000.000000 4000.000000
24.949406 1000.000000 2000.000000 3000.000000 4000.000000
25.049592 1000.000000 2000.000000 3000.000000 4000.000000
25.149078 1000.000000 2000.000000 3000.000000 4000.000000
25.250678 1000.000000 2000.000000 3000.000000 4000.000000
25.350423 1000.000000 2000.000000 3000.000000 4000.000000
25.450496 1000.000000 2000.000000 3000.000000 4000.000000
25.549472 1000.000000 2000.000000 3000.000000 4000.000000
25.649719 1000.000000 2000.000000 3000.000000 4000.000000
25.750268 1000.000000 2000.000000 3000.000000 4000.000000
25.850468 1000.000000 2000.000000 3000.000000 4000.000000
25.949275 1000.000000 2000.000000 3000.000000 4000.000000
26.049384 1000.000000 2000.000000 3000.000000 4000.000000
26.149798 1000.000000 2000.000000 3000.000000 4000.000000
26.249658 1000.000000 2000.000000 3000.000000 4000.000000
26.350633 1000.000000 2000.000000 3000.000000 4000.000000
26.450597 1000.000000 2000.000000 3000.000000 4000.000000
26.550091 1000.000000 2000.000000 3000.000000 4000.000000
26.650093 1000.000000 2000.000000 3000.000000 4000.000000
26.751099 1000.000000 2000.000000 3000.000000 4000.000000
26.849798 1000.000000 2000.000000 3000.000000 4000.000000
26.949493 1000.000000 2000.000000 3000.000000 4000.000000
27.050153 1000.000000 2000.000000 3000.000000 4000.000000
27.150296 1000.000000 2000.000000 3000.000000 4000.000000
27.250426 1000.000000 2000.000000 3000.000000 4000.000000
27.349613 1000.000000 2000.000000 3000.000000 4000.000000
27.450520 1000.000000 2000.000000 3000.000000 4000.000000
27.549999 1000.000000 2000.000000 3000.000000 4000.000000
27.649792 1000.000000 2000.000000 3000.000000 4000.000000
27.750557 1000.000000 2000.000000 3000.000000 4000.000000
27.849278 1000.000000 2000.000000 3000.000000 4000.000000
27.949274 1000.000000 2000.000000 3000.000000 4000.000000
28.049345 1000.000000 2000.000000 3000.000000 4000.000000
28.149471 1000.000000 2000.000000 3000.000000 4000.000000
28.250457 1000.000000 2000.000000 3000.000000 4000.000000
28.350473 1000.000000 2000.000000 3000.000000 4000.000000
28.450559 1000.000000 2000.000000 3000.000000 4000.000000
28.550120 1000.000000 2000.000000 3000.000000 4000.000000
28.649399 1000.000000 2000.000000 3000.000000 4000.000000
28.749709 1000.000000 2000.000000 3000.000000 4000.000000
28.849250 1000.000000 2000.000000 3000.000000 4000.000000
29.004968 1000.000000 2000.000000 3000.000000 4000.000000
29.049639 1000.000000 2000.000000 3000.000000 4000.000000
29.150468 1000.000000 2000.000000 3000.000000 4000.000000
29.250423 1000.000000 2000.000000 3000.000000 4000.000000
29.350407 1000.000000 2000.000000 3000.000000 4000.000000
29.450480 1000.000000 2000.000000 3000.000000 4000.000000
29.549596 1000.000000 2000.000000 3000.000000 4000.000000
29.649860 1000.000000 2000.000000 3000.000000 4000.000000
29.749899 1000.000000 2000.000000 3000.000000 4000.000000
29.849123 1000.000000 2000.000000 3000.000000 4000.000000
29.949922 1000.000000 2000.000000 3000.000000 4000.000000
30.049417 1000.000000 2000.000000 3000.000000 4000.000000
30.150597 1000.000000 2000.000000 3000.000000 4000.000000
30.249119 1000.000000 2000.000000 3000.000000 4000.000000
30.349256 1000.000000 2000.000000 3000.000000 4000.000000
30.449952 1000.000000 2000.000000 3000.000000 4000.000000
30.549411 1000.000000 2000.000000 3000.000000 4000.000000
30.650707 1000.000000 2000.000000 3000.000000 4000.000000
30.749660 1000.000000 2000.000000 3000.000000 4000.000000
30.850398 1000.000000 2000.000000 3000.000000 4000.000000
30.950654 1000.000000 2000.000000 3000.000000 4000.000000
31.049986 1000.000000 2000.000000 3000.000000 4000.000000
31.149141 1000.000000 2000.000000 3000.000000 4000.000000
31.250449 1000.000000 2000.000000 3000.000000 4000.000000
31.349355 1000.000000 2000.000000 3000.000000 4000.000000
31.450514 1000.000000 2000.000000 3000.000000 4000.000000
31.550124 1000.000000 2000.000000 3000.000000 4000.000000
31.649799 1000.000000 2000.000000 3000.000000 4000.000000
31.749266 1000.000000 2000.000000 3000.000000 4000.000000
31.849954 1000.000000 2000.000000 3000.000000 4000.000000
31.949527 1000.000000 2000.000000 3000.000000 4000.000000
32.050030 1000.000000 2000.000000 3000.000000 4000.000000
32.150400 1000.000000 2000.000000 3000.000000 4000.000000
32.249708 1000.000000 2000.000000 3000.000000 4000.000000
32.350851 1000.000000 2000.000000 3000.000000 4000.000000
32.449811 1000.000000 2000.000000 3000.000000 4000.000000
32.549706 1000.000000 2000.000000 3000.000000 4000.000000
32.650394 1000.000000 2000.000000 3000.000000 4000.000000
32.750501 1000.000000 2000.000000 3000.000000 4000.000000
32.850386 1000.000000 2000.000000 3000.000000 4000.000000
32.949825 1000.000000 2000.000000 3000.000000 4000.000000
33.049375 1000.000000 2000.000000 3000.000000 4000.000000
33.149735 1000.000000 2000.000000 3000.000000 4000.000000
33.249864 1000.000000 2000.000000 3000.000000 4000.000000
33.350389 1000.000000 2000.000000 3000.000000 4000.000000
33.450503 1000.000000 2000.000000 3000.000000 4000.000000
33.550073 1000.000000 2000.000000 3000.000000 4000.000000
33.650457 1000.000000 2000.000000 3000.000000 4000.000000
33.750436 1000.000000 2000.000000 3000.000000 4000.000000
33.850478 1000.000000 2000.000000 3000.000000 4000.000000
33.949826 1000.000000 2000.000000 3000.000000 4000.000000
34.049438 1000.000000 2000.000000 3000.000000 4000.000000
34.150392 1000.000000 2000.000000 3000.000000 4000.000000
34.249785 1000.000000 2000.000000 3000.000000 4000.000000
34.350375 1000.000000 2000.000000 3000.000000 4000.000000
34.450555 1000.000000 2000.000000 3000.000000 4000.000000
34.549715 1000.000000 2000.000000 3000.000000 4000.000000
34.649923 1000.000000 2000.000000 3000.000000 4000.000000
34.749944 1000.000000 2000.000000 3000.000000 4000.000000
34.849824 1000.000000 2000.000000 3000.000000 4000.000000
34.949714 1000.000000 2000.000000 3000.000000 4000.000000
35.050030 1000.000000 2000.000000 3000.000000 4000.000000
35.150386 1000.000000 2000.000000 3000.000000 4000.000000
35.250411 1000.000000 2000.000000 3000.000000 4000.000000
35.349630 1000.000000 2000.000000 3000.000000 4000.000000
35.449768 1000.000000 2000.000000 3000.000000 4000.000000
35.549510 1000.000000 2000.000000 3000.000000 4000.000000
35.649788 1000.000000 2000.000000 3000.000000 4000.000000
35.750088 1000.000000 2000.000000 3000.000000 4000.000000
35.849947 1000.000000 2000.000000 3000.000000 4000.000000
35.949735 1000.000000 2000.000000 3000.000000 4000.000000
36.049697 1000.000000 2000.000000 3000.000000 4000.000000
36.149897 1000.000000 2000.000000 3000.000000 4000.000000
36.250439 1000.000000 2000.000000 3000.000000 4000.000000
36.350019 1000.000000 2000.000000 3000.000000 4000.000000
36.450778 1000.000000 2000.000000 3000.000000 4000.000000
36.549399 1000.000000 2000.000000 3000.000000 4000.000000
36.651031 1000.000000 2000.000000 3000.000000 4000.000000
36.750120 1000.000000 2000.000000 3000.000000 4000.000000
36.849771 1000.000000 2000.000000 3000.000000 4000.000000
36.950721 1000.000000 2000.000000 3000.000000 4000.000000
37.049544 1000.000000 2000.000000 3000.000000 4000.000000
37.150509 1000.000000 2000.000000 3000.000000 4000.000000
37.250610 1000.000000 2000.000000 3000.000000 4000.000000
37.349106 1000.000000 2000.000000 3000.000000 4000.000000
37.450043 1000.000000 2000.000000 3000.000000 4000.000000
37.549810 1000.000000 2000.000000 3000.000000 4000.000000
37.650485 1000.000000 2000.000000 3000.000000 4000.000000
37.750639 1000.000000 2000.000000 3000.000000 4000.000000
37.850448 1000.000000 2000.000000 3000.000000 4000.000000
37.950545 1000.000000 2000.000000 3000.000000 4000.000000
38.050040 1000.000000 2000.000000 3000.000000 4000.000000
38.149757 1000.000000 2000.000000 3000.000000 4000.000000
38.250448 1000.000000 2000.000000 3000.000000 4000.000000
38.350671 1000.000000 2000.000000 3000.000000 4000.000000
38.449733 1000.000000 2000.000000 3000.000000 4000.000000
38.550117 1000.000000 2000.000000 3000.000000 4000.000000
38.650440 1000.000000 2000.000000 3000.000000 4000.000000
38.749421 1000.000000 2000.000000 3000.000000 4000.000000
38.849995 1000.000000 2000.000000 3000.000000 4000.000000
39.062417 1000.000000 2000.000000 3000.000000 4000.000000
39.157395 1000.000000 2000.000000 3000.000000 4000.000000
39.253091 1000.000000 2000.000000 3000.000000 4000.000000
39.350383 1000.000000 2000.000000 3000.000000 4000.000000
39.450307 1000.000000 2000.000000 3000.000000 4000.000000
39.549642 1000.000000 2000.000000 3000.000000 4000.000000
39.650746 1000.000000 2000.000000 3000.000000 4000.000000
39.749091 1000.000000 2000.000000 3000.000000 4000.000000
39.849946 1000.000000 2000.000000 3000.000000 4000.000000
39.949906 1000.000000 2000.000000 3000.000000 4000.000000
40.050059 1000.000000 2000.000000 3000.000000 4000.000000
40.167590 1000.000000 2000.000000 3000.000000 4000.000000
40.249817 1000.000000 2000.000000 3000.000000 4000.000000
40.350462 1000.000000 2000.000000 3000.000000 4000.000000
40.449872 1000.000000 2000.000000 3000.000000 4000.000000
40.549327 1000.000000 2000.000000 3000.000000 4000.000000
40.650147 1000.000000 2000.000000 3000.000000 4000.000000
40.749914 1000.000000 2000.000000 3000.000000 4000.000000
40.850154 1000.000000 2000.000000 3000.000000 4000.000000
40.949061 1000.000000 2000.000000 3000.000000 4000.000000
41.049630 1000.000000 2000.000000 3000.000000 4000.000000
41.150401 1000.000000 2000.000000 3000.000000 4000.000000
41.250519 1000.000000 2000.000000 3000.000000 4000.000000
41.349873 1000.000000 2000.000000 3000.000000 4000.000000
41.449545 1000.000000 2000.000000 3000.000000 4000.000000
41.550079 1000.000000 2000.000000 3000.000000 4000.000000
41.649592 1000.000000 2000.000000 3000.000000 4000.000000
41.749974 1000.000000 2000.000000 3000.000000 4000.000000
41.849373 1000.000000 2000.000000 3000.000000 4000.000000
41.949846 1000.000000 2000.000000 3000.000000 4000.000000
42.050195 1000.000000 2000.000000 3000.000000 4000.000000
42.149702 1000.000000 2000.000000 3000.000000 4000.000000
42.249845 1000.000000 2000.000000 3000.000000 4000.000000
42.349472 1000.000000 2000.000000 3000.000000 4000.000000
42.450741 1000.000000 2000.000000 3000.000000 4000.000000
42.549564 1000.000000 2000.000000 3000.000000 4000.000000
42.649366 1000.000000 2000.000000 3000.000000 4000.000000
42.750391 1000.000000 2000.000000 3000.000000 4000.000000
42.849109 1000.000000 2000.000000 3000.000000 4000.000000
42.950097 1000.000000 2000.000000 3000.000000 4000.000000
43.050137 1000.000000 2000.000000 3000.000000 4000.000000
43.149745 1000.000000 2000.000000 3000.000000 4000.000000
43.249697 1000.000000 2000.000000 3000.000000 4000.000000
43.349246 1000.000000 2000.000000 3000.000000 4000.000000
43.450696 1000.000000 2000.000000 3000.000000 4000.000000
43.550090 1000.000000 2000.000000 3000.000000 4000.000000
43.649184 1000.000000 2000.000000 3000.000000 4000.000000
43.749676 1000.000000 2000.000000 3000.000000 4000.000000
43.849778 1000.000000 2000.000000 3000.000000 4000.000000
44.012581 1000.000000 2000.000000 3000.000000 4000.000000
44.049485 1000.000000 2000.000000 3000.000000 4000.000000
44.150391 1000.000000 2000.000000 3000.000000 4000.000000
44.250455 1000.000000 2000.000000 3000.000000 4000.000000
44.350076 1000.000000 2000.000000 3000.000000 4000.000000
44.450740 1000.000000 2000.000000 3000.000000 4000.000000
44.550286 1000.000000 2000.000000 3000.000000 4000.000000
44.650536 1000.000000 2000.000000 3000.000000 4000.000000
44.750748 1000.000000 2000.000000 3000.000000 4000.000000
44.850583 1000.000000 2000.000000 3000.000000 4000.000000
44.949200 1000.000000 2000.000000 3000.000000 4000.000000
45.049281 1000.000000 2000.000000 3000.000000 4000.000000
45.149827 1000.000000 2000.000000 3000.000000 4000.000000
45.258350 1000.000000 2000.000000 3000.000000 4000.000000
45.350617 1000.000000 2000.000000 3000.000000 4000.000000
45.450216 1000.000000 2000.000000 3000.000000 4000.000000
45.549548 1000.000000 2000.000000 3000.000000 4000.000000
45.650453 1000.000000 2000.000000 3000.000000 4000.000000
45.749689 1000.000000 2000.000000 3000.000000 4000.000000
45.849488 1000.000000 2000.000000 3000.000000 4000.000000
45.949654 1000.000000 2000.000000 3000.000000 4000.000000
46.050002 1000.000000 2000.000000 3000.000000 4000.000000
46.150062 1000.000000 2000.000000 3000.000000 4000.000000
46.250482 1000.000000 2000.000000 3000.000000 4000.000000
46.350577 1000.000000 2000.000000 3000.000000 4000.000000
46.450688 1000.000000 2000.000000 3000.000000 4000.000000
46.549993 1000.000000 2000.000000 3000.000000 4000.000000
46.650566 1000.000000 2000.000000 3000.000000 4000.000000
46.749952 1000.000000 2000.000000 3000.000000 4000.000000
46.850542 1000.000000 2000.000000 3000.000000 4000.000000
46.949375 1000.000000 2000.000000 3000.000000 4000.000000
47.049987 1000.000000 2000.000000 3000.000000 4000.000000
47.150807 1000.000000 2000.000000 3000.000000 4000.000000
47.249821 1000.000000 2000.000000 3000.000000 4000.000000
47.349892 1000.000000 2000.000000 3000.000000 4000.000000
47.450872 1000.000000 2000.000000 3000.000000 4000.000000
47.549555 1000.000000 2000.000000 3000.000000 4000.000000
47.651029 1000.000000 2000.000000 3000.000000 4000.000000
47.750412 1000.000000 2000.000000 3000.000000 4000.000000
47.849928 1000.000000 2000.000000 3000.000000 4000.000000
47.950563 1000.000000 2000.000000 3000.000000 4000.000000
48.049384 1000.000000 2000.000000 3000.000000 4000.000000
48.149168 1000.000000 2000.000000 3000.000000 4000.000000
48.249803 1000.000000 2000.000000 3000.000000 4000.000000
48.350405 1000.000000 2000.000000 3000.000000 4000.000000
48.450771 1000.000000 2000.000000 3000.000000 4000.000000
48.549833 1000.000000 2000.000000 3000.000000 4000.000000
48.649908 1000.000000 2000.000000 3000.000000 4000.000000
48.750401 1000.000000 2000.000000 3000.000000 4000.000000
48.850565 1000.000000 2000.000000 3000.000000 4000.000000
49.020202 1000.000000 2000.000000 3000.000000 4000.000000
49.050072 1000.000000 2000.000000 3000.000000 4000.000000
49.149591 1000.000000 2000.000000 3000.000000 4000.000000
49.250746 1000.000000 2000.000000 3000.000000 4000.000000
49.349922 1000.000000 2000.000000 3000.000000 4000.000000
49.450652 1000.000000 2000.000000 3000.000000 4000.000000
49.549516 1000.000000 2000.000000 3000.000000 4000.000000
49.650468 1000.000000 2000.000000 3000.000000 4000.000000
49.750620 1000.000000 2000.000000 3000.000000 4000.000000
49.850127 1000.000000 2000.000000 3000.000000 4000.000000
49.950407 1000.000000 2000.000000 3000.000000 4000.000000
50.050002 1000.000000 2000.000000 3000.000000 4000.000000
50.150139 1000.000000 2000.000000 3000.000000 4000.000000
50.250441 1000.000000 2000.000000 3000.000000 4000.000000
50.350703 1000.000000 2000.000000 3000.000000 4000.000000
50.450218 1000.000000 2000.000000 3000.000000 4000.000000
50.549334 1000.000000 2000.000000 3000.000000 4000.000000
50.650855 1000.000000 2000.000000 3000.000000 4000.000000
50.749977 1000.000000 2000.000000 3000.000000 4000.000000
50.850438 1000.000000 2000.000000 3000.000000 4000.000000
50.950463 1000.000000 2000.000000 3000.000000 4000.000000
51.049707 1000.000000 2000.000000 3000.000000 4000.000000
51.150603 1000.000000 2000.000000 3000.000000 4000.000000
51.250115 1000.000000 2000.000000 3000.000000 4000.000000
51.350538 1000.000000 2000.000000 3000.000000 4000.000000
51.449899 1000.000000 2000.000000 3000.000000 4000.000000
51.549823 1000.000000 2000.000000 3000.000000 4000.000000
51.649691 1000.000000 2000.000000 3000.000000 4000.000000
51.750370 1000.000000 2000.000000 3000.000000 4000.000000
51.850939 1000.000000 2000.000000 3000.000000 4000.000000
51.950543 1000.000000 2000.000000 3000.000000 4000.000000
52.050152 1000.000000 2000.000000 3000.000000 4000.000000
52.149780 1000.000000 2000.000000 3000.000000 4000.000000
52.250429 1000.000000 2000.000000 3000.000000 4000.000000
52.350558 1000.000000 2000.000000 3000.000000 4000.000000
52.450692 1000.000000 2000.000000 3000.000000 4000.000000
52.549418 1000.000000 2000.000000 3000.000000 4000.000000
52.650452 1000.000000 2000.000000 3000.000000 4000.000000
52.749966 1000.000000 2000.000000 3000.000000 4000.000000
52.850400 1000.000000 2000.000000 3000.000000 4000.000000
52.949862 1000.000000 2000.000000 3000.000000 4000.000000
53.049848 1000.000000 2000.000000 3000.000000 4000.000000
53.150531 1000.000000 2000.000000 3000.000000 4000.000000
53.249308 1000.000000 2000.000000 3000.000000 4000.000000
53.349326 1000.000000 2000.000000 3000.000000 4000.000000
53.450831 1000.000000 2000.000000 3000.000000 4000.000000
53.550053 1000.000000 2000.000000 3000.000000 4000.000000
53.649859 1000.000000 2000.000000 3000.000000 4000.000000
53.750267 1000.000000 2000.000000 3000.000000 4000.000000
53.850616 1000.000000 2000.000000 3000.000000 4000.000000
53.949743 1000.000000 2000.000000 3000.000000 4000.000000
54.050017 1000.000000 2000.000000 3000.000000 4000.000000
54.150189 1000.000000 2000.000000 3000.000000 4000.000000
54.251039 1000.000000 2000.000000 3000.000000 4000.000000
54.350419 1000.000000 2000.000000 3000.000000 4000.000000
54.450890 1000.000000 2000.000000 3000.000000 4000.000000
54.549402 1000.000000 2000.000000 3000.000000 4000.000000
54.650454 1000.000000 2000.000000 3000.000000 4000.000000
54.750565 1000.000000 2000.000000 3000.000000 4000.000000
54.850395 1000.000000 2000.000000 3000.000000 4000.000000
54.949739 1000.000000 2000.000000 3000.000000 4000.000000
55.050250 1000.000000 2000.000000 3000.000000 4000.000000
55.149902 1000.000000 2000.000000 3000.000000 4000.000000
55.250594 1000.000000 2000.000000 3000.000000 4000.000000
55.350706 1000.000000 2000.000000 3000.000000 4000.000000
55.449773 1000.000000 2000.000000 3000.000000 4000.000000
55.550106 1000.000000 2000.000000 3000.000000 4000.000000
55.649783 1000.000000 2000.000000 3000.000000 4000.000000
55.750469 1000.000000 2000.000000 3000.000000 4000.000000
55.850448 1000.000000 2000.000000 3000.000000 4000.000000
55.949365 1000.000000 2000.000000 3000.000000 4000.000000
56.050012 1000.000000 2000.000000 3000.000000 4000.000000
56.149431 1000.000000 2000.000000 3000.000000 4000.000000
56.250423 1000.000000 2000.000000 3000.000000 4000.000000
56.349852 1000.000000 2000.000000 3000.000000 4000.000000
56.449620 1000.000000 2000.000000 3000.000000 4000.000000
56.550292 1000.000000 2000.000000 3000.000000 4000.000000
56.650042 1000.000000 2000.000000 3000.000000 4000.000000
56.750516 1000.000000 2000.000000 3000.000000 4000.000000
56.850370 1000.000000 2000.000000 3000.000000 4000.000000
56.950320 1000.000000 2000.000000 3000.000000 4000.000000
57.050500 1000.000000 2000.000000 3000.000000 4000.000000
57.149803 1000.000000 2000.000000 3000.000000 4000.000000
57.249844 1000.000000 2000.000000 3000.000000 4000.000000
57.350588 1000.000000 2000.000000 3000.000000 4000.000000
57.450572 1000.000000 2000.000000 3000.000000 4000.000000
57.549295 1000.000000 2000.000000 3000.000000 4000.000000
57.649570 1000.000000 2000.000000 3000.000000 4000.000000
57.750589 1000.000000 2000.000000 3000.000000 4000.000000
57.850233 1000.000000 2000.000000 3000.000000 4000.000000
57.950755 1000.000000 2000.000000 3000.000000 4000.000000
58.050116 1000.000000 2000.000000 3000.000000 4000.000000
58.149876 1000.000000 2000.000000 3000.000000 4000.000000
58.250191 1000.000000 2000.000000 3000.000000 4000.000000
58.350592 1000.000000 2000.000000 3000.000000 4000.000000
58.450013 1000.000000 2000.000000 3000.000000 4000.000000
58.549630 1000.000000 2000.000000 3000.000000 4000.000000
58.650623 1000.000000 2000.000000 3000.000000 4000.000000
58.750218 1000.000000 2000.000000 3000.000000 4000.000000
58.849455 1000.000000 2000.000000 3000.000000 4000.000000
59.011119 1000.000000 2000.000000 3000.000000 4000.000000
59.050655 1000.000000 2000.000000 3000.000000 4000.000000
59.150040 1000.000000 2000.000000 3000.000000 4000.000000
59.250550 1000.000000 2000.000000 3000.000000 4000.000000
59.350436 1000.000000 2000.000000 3000.000000 4000.000000
59.449337 1000.000000 2000.000000 3000.000000 4000.000000
59.550058 1000.000000 2000.000000 3000.000000 4000.000000
59.650251 1000.000000 2000.000000 3000.000000 4000.000000
59.750404 1000.000000 2000.000000 3000.000000 4000.000000
59.849679 1000.000000 2000.000000 3000.000000 4000.000000
59.950115 1000.000000 2000.000000 3000.000000 4000.000000
60.050120 1000.000000 2000.000000 3000.000000 4000.000000
60.149475 1000.000000 2000.000000 3000.000000 4000.000000
60.250528 1000.000000 2000.000000 3000.000000 4000.000000
60.365573 1000.000000 2000.000000 3000.000000 4000.000000
60.449503 1000.000000 2000.000000 3000.000000 4000.000000
60.549397 1000.000000 2000.000000 3000.000000 4000.000000
60.649214 1000.000000 2000.000000 3000.000000 4000.000000
60.749650 1000.000000 2000.000000 3000.000000 4000.000000
60.850118 1000.000000 2000.000000 3000.000000 4000.000000
60.950189 1000.000000 2000.000000 3000.000000 4000.000000
61.050239 1000.000000 2000.000000 3000.000000 4000.000000
61.150671 1000.000000 2000.000000 3000.000000 4000.000000
61.249946 1000.000000 2000.000000 3000.000000 4000.000000
61.349499 1000.000000 2000.000000 3000.000000 4000.000000
61.450069 1000.000000 2000.000000 3000.000000 4000.000000
61.549793 1000.000000 2000.000000 3000.000000 4000.000000
61.650658 1000.000000 2000.000000 3000.000000 4000.000000
61.749925 1000.000000 2000.000000 3000.000000 4000.000000
61.850743 1000.000000 2000.000000 3000.000000 4000.000000
61.949406 1000.000000 2000.000000 3000.000000 4000.000000
62.049393 1000.000000 2000.000000 3000.000000 4000.000000
62.150513 1000.000000 2000.000000 3000.000000 4000.000000
62.249176 1000.000000 2000.000000 3000.000000 4000.000000
62.349786 1000.000000 2000.000000 3000.000000 4000.000000
62.449555 1000.000000 2000.000000 3000.000000 4000.000000
62.549349 1000.000000 2000.000000 3000.000000 4000.000000
62.650423 1000.000000 2000.000000 3000.000000 4000.000000
62.750600 1000.000000 2000.000000 3000.000000 4000.000000
62.849283 1000.000000 2000.000000 3000.000000 4000.000000
62.950480 1000.000000 2000.000000 3000.000000 4000.000000
63.049727 1000.000000 2000.000000 3000.000000 4000.000000
63.150573 1000.000000 2000.000000 3000.000000 4000.000000
63.250235 1000.000000 2000.000000 3000.000000 4000.000000
63.350083 1000.000000 2000.000000 3000.000000 4000.000000
63.449650 1000.000000 2000.000000 3000.000000 4000.000000
63.549317 1000.000000 2000.000000 3000.000000 4000.000000
63.649345 1000.000000 2000.000000 3000.000000 4000.000000
63.749644 1000.000000 2000.000000 3000.000000 4000.000000
63.850189 1000.000000 2000.000000 3000.000000 4000.000000
63.950663 1000.000000 2000.000000 3000.000000 4000.000000
64.049579 1000.000000 2000.000000 3000.000000 4000.000000
64.150450 1000.000000 2000.000000 3000.000000 4000.000000
64.250413 1000.000000 2000.000000 3000.000000 4000.000000
64.350511 1000.000000 2000.000000 3000.000000 4000.000000
64.449581 1000.000000 2000.000000 3000.000000 4000.000000
64.550214 1000.000000 2000.000000 3000.000000 4000.000000
64.649580 1000.000000 2000.000000 3000.000000 4000.000000
64.750098 1000.000000 2000.000000 3000.000000 4000.000000
64.849875 1000.000000 2000.000000 3000.000000 4000.000000
64.950689 1000.000000 2000.000000 3000.000000 4000.000000
65.050062 1000.000000 2000.000000 3000.000000 4000.000000
65.150387 1000.000000 2000.000000 3000.000000 4000.000000
65.250576 1000.000000 2000.000000 3000.000000 4000.000000
65.350040 1000.000000 2000.000000 3000.000000 4000.000000
65.449873 1000.000000 2000.000000 3000.000000 4000.000000
65.549470 1000.000000 2000.000000 3000.000000 4000.000000
65.649910 1000.000000 2000.000000 3000.000000 4000.000000
65.750587 1000.000000 2000.000000 3000.000000 4000.000000
65.850575 1000.000000 2000.000000 3000.000000 4000.000000
65.950587 1000.000000 2000.000000 3000.000000 4000.000000
66.049772 1000.000000 2000.000000 3000.000000 4000.000000
66.149926 1000.000000 2000.000000 3000.000000 4000.000000
66.249972 1000.000000 2000.000000 3000.000000 4000.000000
66.349750 1000.000000 2000.000000 3000.000000 4000.000000
66.450727 1000.000000 2000.000000 3000.000000 4000.000000
66.549664 1000.000000 2000.000000 3000.000000 4000.000000
66.650579 1000.000000 2000.000000 3000.000000 4000.000000
66.749228 1000.000000 2000.000000 3000.000000 4000.000000
66.850050 1000.000000 2000.000000 3000.000000 4000.000000
66.950815 1000.000000 2000.000000 3000.000000 4000.000000
67.050062 1000.000000 2000.000000 3000.000000 4000.000000
67.149222 1000.000000 2000.000000 3000.000000 4000.000000
67.250399 1000.000000 2000.000000 3000.000000 4000.000000
67.350422 1000.000000 2000.000000 3000.000000 4000.000000
67.450662 1000.000000 2000.000000 3000.000000 4000.000000
67.549688 1000.000000 2000.000000 3000.000000 4000.000000
67.649927 1000.000000 2000.000000 3000.000000 4000.000000
67.749622 1000.000000 2000.000000 3000.000000 4000.000000
67.849272 1000.000000 2000.000000 3000.000000 4000.000000
67.950362 1000.000000 2000.000000 3000.000000 4000.000000
68.050275 1000.000000 2000.000000 3000.000000 4000.000000
68.150414 1000.000000 2000.000000 3000.000000 4000.000000
68.250046 1000.000000 2000.000000 3000.000000 4000.000000
68.350011 1000.000000 2000.000000 3000.000000 4000.000000
68.450725 1000.000000 2000.000000 3000.000000 4000.000000
68.550300 1000.000000 2000.000000 3000.000000 4000.000000
68.649864 1000.000000 2000.000000 3000.000000 4000.000000
68.749769 1000.000000 2000.000000 3000.000000 4000.000000
68.850368 1000.000000 2000.000000 3000.000000 4000.000000
68.949990 1000.000000 2000.000000 3000.000000 4000.000000
69.050025 1000.000000 2000.000000 3000.000000 4000.000000
69.150598 1000.000000 2000.000000 3000.000000 4000.000000
69.250292 1000.000000 2000.000000 3000.000000 4000.000000
69.350539 1000.000000 2000.000000 3000.000000 4000.000000
69.451052 1000.000000 2000.000000 3000.000000 4000.000000
69.549672 1000.000000 2000.000000 3000.000000 4000.000000
69.650113 1000.000000 2000.000000 3000.000000 4000.000000
69.750494 1000.000000 2000.000000 3000.000000 4000.000000
69.850592 1000.000000 2000.000000 3000.000000 4000.000000
70.041830 1000.000000 2000.000000 3000.000000 4000.000000
70.059850 1000.000000 2000.000000 3000.000000 4000.000000
70.149161 1000.000000 2000.000000 3000.000000 4000.000000
70.250361 1000.000000 2000.000000 3000.000000 4000.000000
70.349124 1000.000000 2000.000000 3000.000000 4000.000000
70.449717 1000.000000 2000.000000 3000.000000 4000.000000
70.549952 1000.000000 2000.000000 3000.000000 4000.000000
70.649508 1000.000000 2000.000000 3000.000000 4000.000000
70.749898 1000.000000 2000.000000 3000.000000 4000.000000
70.850480 1000.000000 2000.000000 3000.000000 4000.000000
70.950548 1000.000000 2000.000000 3000.000000 4000.000000
71.050128 1000.000000 2000.000000 3000.000000 4000.000000
71.150558 1000.000000 2000.000000 3000.000000 4000.000000
71.249961 1000.000000 2000.000000 3000.000000 4000.000000
71.350409 1000.000000 2000.000000 3000.000000 4000.000000
71.449678 1000.000000 2000.000000 3000.000000 4000.000000
71.549511 1000.000000 2000.000000 3000.000000 4000.000000
71.650687 1000.000000 2000.000000 3000.000000 4000.000000
71.749967 1000.000000 2000.000000 3000.000000 4000.000000
71.850563 1000.000000 2000.000000 3000.000000 4000.000000
71.949915 1000.000000 2000.000000 3000.000000 4000.000000
72.049276 1000.000000 2000.000000 3000.000000 4000.000000
72.149471 1000.000000 2000.000000 3000.000000 4000.000000
72.250480 1000.000000 2000.000000 3000.000000 4000.000000
72.350502 1000.000000 2000.000000 3000.000000 4000.000000
72.449707 1000.000000 2000.000000 3000.000000 4000.000000
72.550175 1000.000000 2000.000000 3000.000000 4000.000000
72.650102 1000.000000 2000.000000 3000.000000 4000.000000
72.750454 1000.000000 2000.000000 3000.000000 4000.000000
72.849121 1000.000000 2000.000000 3000.000000 4000.000000
72.949145 1000.000000 2000.000000 3000.000000 4000.000000
73.049616 1000.000000 2000.000000 3000.000000 4000.000000
73.149646 1000.000000 2000.000000 3000.000000 4000.000000
73.250438 1000.000000 2000.000000 3000.000000 4000.000000
73.349707 1000.000000 2000.000000 3000.000000 4000.000000
73.450048 1000.000000 2000.000000 3000.000000 4000.000000
73.550023 1000.000000 2000.000000 3000.000000 4000.000000
73.650380 1000.000000 2000.000000 3000.000000 4000.000000
73.750392 1000.000000 2000.000000 3000.000000 4000.000000
73.849749 1000.000000 2000.000000 3000.000000 4000.000000
73.949346 1000.000000 2000.000000 3000.000000 4000.000000
74.049309 1000.000000 2000.000000 3000.000000 4000.000000
74.150681 1000.000000 2000.000000 3000.000000 4000.000000
74.250236 1000.000000 2000.000000 3000.000000 4000.000000
74.350084 1000.000000 2000.000000 3000.000000 4000.000000
74.450697 1000.000000 2000.000000 3000.000000 4000.000000
74.549611 1000.000000 2000.000000 3000.000000 4000.000000
74.650699 1000.000000 2000.000000 3000.000000 4000.000000
74.750556 1000.000000 2000.000000 3000.000000 4000.000000
74.850223 1000.000000 2000.000000 3000.000000 4000.000000
75.039020 1000.000000 2000.000000 3000.000000 4000.000000
75.064954 1000.000000 2000.000000 3000.000000 4000.000000
75.150554 1000.000000 2000.000000 3000.000000 4000.000000
75.249865 1000.000000 2000.000000 3000.000000 4000.000000
75.350005 1000.000000 2000.000000 3000.000000 4000.000000
75.450147 1000.000000 2000.000000 3000.000000 4000.000000
75.549634 1000.000000 2000.000000 3000.000000 4000.000000
75.650085 1000.000000 2000.000000 3000.000000 4000.000000
75.750216 1000.000000 2000.000000 3000.000000 4000.000000
75.849956 1000.000000 2000.000000 3000.000000 4000.000000
75.949709 1000.000000 2000.000000 3000.000000 4000.000000
76.049299 1000.000000 2000.000000 3000.000000 4000.000000
76.150380 1000.000000 2000.000000 3000.000000 4000.000000
76.250452 1000.000000 2000.000000 3000.000000 4000.000000
76.350367 1000.000000 2000.000000 3000.000000 4000.000000
76.450677 1000.000000 2000.000000 3000.000000 4000.000000
76.549331 1000.000000 2000.000000 3000.000000 4000.000000
76.649740 1000.000000 2000.000000 3000.000000 4000.000000
76.749710 1000.000000 2000.000000 3000.000000 4000.000000
76.850373 1000.000000 2000.000000 3000.000000 4000.000000
76.950707 1000.000000 2000.000000 3000.000000 4000.000000
77.050139 1000.000000 2000.000000 3000.000000 4000.000000
77.150565 1000.000000 2000.000000 3000.000000 4000.000000
77.250409 1000.000000 2000.000000 3000.000000 4000.000000
77.349763 1000.000000 2000.000000 3000.000000 4000.000000
77.450751 1000.000000 2000.000000 3000.000000 4000.000000
77.549465 1000.000000 2000.000000 3000.000000 4000.000000
77.649737 1000.000000 2000.000000 3000.000000 4000.000000
77.750367 1000.000000 2000.000000 3000.000000 4000.000000
77.850568 1000.000000 2000.000000 3000.000000 4000.000000
77.950260 1000.000000 2000.000000 3000.000000 4000.000000
78.050092 1000.000000 2000.000000 3000.000000 4000.000000
78.150448 1000.000000 2000.000000 3000.000000 4000.000000
78.250091 1000.000000 2000.000000 3000.000000 4000.000000
78.349109 1000.000000 2000.000000 3000.000000 4000.000000
78.449182 1000.000000 2000.000000 3000.000000 4000.000000
78.549963 1000.000000 2000.000000 3000.000000 4000.000000
78.650407 1000.000000 2000.000000 3000.000000 4000.000000
78.750365 1000.000000 2000.000000 3000.000000 4000.000000
78.849839 1000.000000 2000.000000 3000.000000 4000.000000
78.950200 1000.000000 2000.000000 3000.000000 4000.000000
79.050373 1000.000000 2000.000000 3000.000000 4000.000000
79.150061 1000.000000 2000.000000 3000.000000 4000.000000
79.249475 1000.000000 2000.000000 3000.000000 4000.000000
79.349406 1000.000000 2000.000000 3000.000000 4000.000000
79.450066 1000.000000 2000.000000 3000.000000 4000.000000
79.550220 1000.000000 2000.000000 3000.000000 4000.000000
79.649388 1000.000000 2000.000000 3000.000000 4000.000000
79.749428 1000.000000 2000.000000 3000.000000 4000.000000
79.850108 1000.000000 2000.000000 3000.000000 4000.000000
80.027653 1000.000000 2000.000000 3000.000000 4000.000000
80.053317 1000.000000 2000.000000 3000.000000 4000.000000
80.149967 1000.000000 2000.000000 3000.000000 4000.000000
80.249381 1000.000000 2000.000000 3000.000000 4000.000000
80.350553 1000.000000 2000.000000 3000.000000 4000.000000
80.450518 1000.000000 2000.000000 3000.000000 4000.000000
80.549356 1000.000000 2000.000000 3000.000000 4000.000000
80.649203 1000.000000 2000.000000 3000.000000 4000.000000
80.750082 1000.000000 2000.000000 3000.000000 4000.000000
80.849711 1000.000000 2000.000000 3000.000000 4000.000000
80.949290 1000.000000 2000.000000 3000.000000 4000.000000
81.049935 1000.000000 2000.000000 3000.000000 4000.000000
81.150072 1000.000000 2000.000000 3000.000000 4000.000000
81.249490 1000.000000 2000.000000 3000.000000 4000.000000
81.350574 1000.000000 2000.000000 3000.000000 4000.000000
81.449610 1000.000000 2000.000000 3000.000000 4000.000000
81.549658 1000.000000 2000.000000 3000.000000 4000.000000
81.659318 1000.000000 2000.000000 3000.000000 4000.000000
81.750553 1000.000000 2000.000000 3000.000000 4000.000000
81.849855 1000.000000 2000.000000 3000.000000 4000.000000
81.950648 1000.000000 2000.000000 3000.000000 4000.000000
82.049302 1000.000000 2000.000000 3000.000000 4000.000000
82.150400 1000.000000 2000.000000 3000.000000 4000.000000
82.249853 1000.000000 2000.000000 3000.000000 4000.000000
82.350520 1000.000000 2000.000000 3000.000000 4000.000000
82.449931 1000.000000 2000.000000 3000.000000 4000.000000
82.549728 1000.000000 2000.000000 3000.000000 4000.000000
82.650446 1000.000000 2000.000000 3000.000000 4000.000000
82.750578 1000.000000 2000.000000 3000.000000 4000.000000
82.850494 1000.000000 2000.000000 3000.000000 4000.000000
82.949302 1000.000000 2000.000000 3000.000000 4000.000000
83.049446 1000.000000 2000.000000 3000.000000 4000.000000
83.150167 1000.000000 2000.000000 3000.000000 4000.000000
83.250344 1000.000000 2000.000000 3000.000000 4000.000000
83.349720 1000.000000 2000.000000 3000.000000 4000.000000
