0.131091 1000.000000 2000.000000 3000.000000 4000.000000
0.190890 1000.000000 2000.000000 3000.000000 4000.000000
0.297775 1000.000000 2000.000000 3000.000000 4000.000000
0.380618 1000.000000 2000.000000 3000.000000 4000.000000
0.475649 1000.000000 2000.000000 3000.000000 4000.000000
0.573661 1000.000000 2000.000000 3000.000000 4000.000000
0.673124 1000.000000 2000.000000 3000.000000 4000.000000
0.773299 1000.000000 2000.000000 3000.000000 4000.000000
0.873583 1000.000000 2000.000000 3000.000000 4000.000000
0.987862 1000.000000 2000.000000 3000.000000 4000.000000
1.073314 1000.000000 2000.000000 3000.000000 4000.000000
1.174034 1000.000000 2000.000000 3000.000000 4000.000000
1.273199 1000.000000 2000.000000 3000.000000 4000.000000
1.373719 1000.000000 2000.000000 3000.000000 4000.000000
1.474211 1000.000000 2000.000000 3000.000000 4000.000000
1.574543 1000.000000 2000.000000 3000.000000 4000.000000
1.674623 1000.000000 2000.000000 3000.000000 4000.000000
1.773480 1000.000000 2000.000000 3000.000000 4000.000000
1.873892 1000.000000 2000.000000 3000.000000 4000.000000
1.974477 1000.000000 2000.000000 3000.000000 4000.000000
2.074619 1000.000000 2000.000000 3000.000000 4000.000000
2.173576 1000.000000 2000.000000 3000.000000 4000.000000
2.273728 1000.000000 2000.000000 3000.000000 4000.000000
2.373612 1000.000000 2000.000000 3000.000000 4000.000000
2.474074 1000.000000 2000.000000 3000.000000 4000.000000
2.573249 1000.000000 2000.000000 3000.000000 4000.000000
2.674421 1000.000000 2000.000000 3000.000000 4000.000000
2.773789 1000.000000 2000.000000 3000.000000 4000.000000
2.874241 1000.000000 2000.000000 3000.000000 4000.000000
2.973796 1000.000000 2000.000000 3000.000000 4000.000000
3.073663 1000.000000 2000.000000 3000.000000 4000.000000
3.173524 1000.000000 2000.000000 3000.000000 4000.000000
3.274687 1000.000000 2000.000000 3000.000000 4000.000000
3.373954 1000.000000 2000.000000 3000.000000 4000.000000
3.473471 1000.000000 2000.000000 3000.000000 4000.000000
3.574836 1000.000000 2000.000000 3000.000000 4000.000000
3.673659 1000.000000 2000.000000 3000.000000 4000.000000
3.773964 1000.000000 2000.000000 3000.000000 4000.000000
3.873937 1000.000000 2000.000000 3000.000000 4000.000000
3.974396 1000.000000 2000.000000 3000.000000 4000.000000
4.073774 1000.000000 2000.000000 3000.000000 4000.000000
4.174399 1000.000000 2000.000000 3000.000000 4000.000000
4.273890 1000.000000 2000.000000 3000.000000 4000.000000
4.374436 1000.000000 2000.000000 3000.000000 4000.000000
4.473888 1000.000000 2000.000000 3000.000000 4000.000000
4.574137 1000.000000 2000.000000 3000.000000 4000.000000
4.674626 1000.000000 2000.000000 3000.000000 4000.000000
4.773619 1000.000000 2000.000000 3000.000000 4000.000000
4.874152 1000.000000 2000.000000 3000.000000 4000.000000
4.973812 1000.000000 2000.000000 3000.000000 4000.000000
5.073363 1000.000000 2000.000000 3000.000000 4000.000000
5.174239 1000.000000 2000.000000 3000.000000 4000.000000
5.275098 1000.000000 2000.000000 3000.000000 4000.000000
5.373026 1000.000000 2000.000000 3000.000000 4000.000000
5.474872 1000.000000 2000.000000 3000.000000 4000.000000
5.574721 1000.000000 2000.000000 3000.000000 4000.000000
5.674310 1000.000000 2000.000000 3000.000000 4000.000000
5.774351 1000.000000 2000.000000 3000.000000 4000.000000
5.874580 1000.000000 2000.000000 3000.000000 4000.000000
5.973851 1000.000000 2000.000000 3000.000000 4000.000000
6.074413 1000.000000 2000.000000 3000.000000 4000.000000
6.173994 1000.000000 2000.000000 3000.000000 4000.000000
6.274794 1000.000000 2000.000000 3000.000000 4000.000000
6.374414 1000.000000 2000.000000 3000.000000 4000.000000
6.473895 1000.000000 2000.000000 3000.000000 4000.000000
6.573983 1000.000000 2000.000000 3000.000000 4000.000000
6.674589 1000.000000 2000.000000 3000.000000 4000.000000
6.774185 1000.000000 2000.000000 3000.000000 4000.000000
6.874762 1000.000000 2000.000000 3000.000000 4000.000000
6.974494 1000.000000 2000.000000 3000.000000 4000.000000
7.074200 1000.000000 2000.000000 3000.000000 4000.000000
7.173651 1000.000000 2000.000000 3000.000000 4000.000000
7.274101 1000.000000 2000.000000 3000.000000 4000.000000
7.374730 1000.000000 2000.000000 3000.000000 4000.000000
7.474535 1000.000000 2000.000000 3000.000000 4000.000000
7.572998 1000.000000 2000.000000 3000.000000 4000.000000
7.674323 1000.000000 2000.000000 3000.000000 4000.000000
7.773637 1000.000000 2000.000000 3000.000000 4000.000000
7.873808 1000.000000 2000.000000 3000.000000 4000.000000
7.973229 1000.000000 2000.000000 3000.000000 4000.000000
8.073410 1000.000000 2000.000000 3000.000000 4000.000000
8.173012 1000.000000 2000.000000 3000.000000 4000.000000
8.274651 1000.000000 2000.000000 3000.000000 4000.000000
8.374680 1000.000000 2000.000000 3000.000000 4000.000000
8.473528 1000.000000 2000.000000 3000.000000 4000.000000
8.574839 1000.000000 2000.000000 3000.000000 4000.000000
8.674948 1000.000000 2000.000000 3000.000000 4000.000000
0.097936 1000.000000 2000.000000 3000.000000 4000.000000
0.197117 1000.000000 2000.000000 3000.000000 4000.000000
0.297187 1000.000000 2000.000000 3000.000000 4000.000000
0.397163 1000.000000 2000.000000 3000.000000 4000.000000
0.497888 1000.000000 2000.000000 3000.000000 4000.000000
0.596747 1000.000000 2000.000000 3000.000000 4000.000000
0.697952 1000.000000 2000.000000 3000.000000 4000.000000
0.796273 1000.000000 2000.000000 3000.000000 4000.000000
0.896461 1000.000000 2000.000000 3000.000000 4000.000000
0.998156 1000.000000 2000.000000 3000.000000 4000.000000
1.097805 1000.000000 2000.000000 3000.000000 4000.000000
1.196971 1000.000000 2000.000000 3000.000000 4000.000000
1.297012 1000.000000 2000.000000 3000.000000 4000.000000
1.397209 1000.000000 2000.000000 3000.000000 4000.000000
1.497900 1000.000000 2000.000000 3000.000000 4000.000000
1.597271 1000.000000 2000.000000 3000.000000 4000.000000
1.697428 1000.000000 2000.000000 3000.000000 4000.000000
1.797526 1000.000000 2000.000000 3000.000000 4000.000000
1.896521 1000.000000 2000.000000 3000.000000 4000.000000
1.997815 1000.000000 2000.000000 3000.000000 4000.000000
2.097116 1000.000000 2000.000000 3000.000000 4000.000000
2.197646 1000.000000 2000.000000 3000.000000 4000.000000
2.296935 1000.000000 2000.000000 3000.000000 4000.000000
2.396289 1000.000000 2000.000000 3000.000000 4000.000000
2.497802 1000.000000 2000.000000 3000.000000 4000.000000
2.597277 1000.000000 2000.000000 3000.000000 4000.000000
2.696760 1000.000000 2000.000000 3000.000000 4000.000000
2.797301 1000.000000 2000.000000 3000.000000 4000.000000
2.898184 1000.000000 2000.000000 3000.000000 4000.000000
2.996982 1000.000000 2000.000000 3000.000000 4000.000000
3.097692 1000.000000 2000.000000 3000.000000 4000.000000
0.096472 1000.000000 2000.000000 3000.000000 4000.000000
0.190993 1000.000000 2000.000000 3000.000000 4000.000000
0.286113 1000.000000 2000.000000 3000.000000 4000.000000
0.381281 1000.000000 2000.000000 3000.000000 4000.000000
0.475598 1000.000000 2000.000000 3000.000000 4000.000000
0.570761 1000.000000 2000.000000 3000.000000 4000.000000
0.665867 1000.000000 2000.000000 3000.000000 4000.000000
0.760829 1000.000000 2000.000000 3000.000000 4000.000000
0.855981 1000.000000 2000.000000 3000.000000 4000.000000
0.953018 1000.000000 2000.000000 3000.000000 4000.000000
1.053539 1000.000000 2000.000000 3000.000000 4000.000000
1.154300 1000.000000 2000.000000 3000.000000 4000.000000
1.254503 1000.000000 2000.000000 3000.000000 4000.000000
1.353877 1000.000000 2000.000000 3000.000000 4000.000000
1.454529 1000.000000 2000.000000 3000.000000 4000.000000
1.554030 1000.000000 2000.000000 3000.000000 4000.000000
1.653572 1000.000000 2000.000000 3000.000000 4000.000000
1.753854 1000.000000 2000.000000 3000.000000 4000.000000
1.854488 1000.000000 2000.000000 3000.000000 4000.000000
1.953382 1000.000000 2000.000000 3000.000000 4000.000000
2.053711 1000.000000 2000.000000 3000.000000 4000.000000
2.153877 1000.000000 2000.000000 3000.000000 4000.000000
2.253414 1000.000000 2000.000000 3000.000000 4000.000000
2.353717 1000.000000 2000.000000 3000.000000 4000.000000
2.453650 1000.000000 2000.000000 3000.000000 4000.000000
2.552831 1000.000000 2000.000000 3000.000000 4000.000000
2.653019 1000.000000 2000.000000 3000.000000 4000.000000
2.752702 1000.000000 2000.000000 3000.000000 4000.000000
2.853374 1000.000000 2000.000000 3000.000000 4000.000000
2.953642 1000.000000 2000.000000 3000.000000 4000.000000
3.054517 1000.000000 2000.000000 3000.000000 4000.000000
3.153779 1000.000000 2000.000000 3000.000000 4000.000000
3.253771 1000.000000 2000.000000 3000.000000 4000.000000
3.354431 1000.000000 2000.000000 3000.000000 4000.000000
3.453704 1000.000000 2000.000000 3000.000000 4000.000000
3.552891 1000.000000 2000.000000 3000.000000 4000.000000
3.652821 1000.000000 2000.000000 3000.000000 4000.000000
3.753621 1000.000000 2000.000000 3000.000000 4000.000000
