0.106363 1000.000000 2000.000000 3000.000000 4000.000000
0.211099 1000.000000 2000.000000 3000.000000 4000.000000
0.315805 1000.000000 2000.000000 3000.000000 4000.000000
0.420451 1000.000000 2000.000000 3000.000000 4000.000000
0.525002 1000.000000 2000.000000 3000.000000 4000.000000
0.630035 1000.000000 2000.000000 3000.000000 4000.000000
0.732109 1000.000000 2000.000000 3000.000000 4000.000000
0.831255 1000.000000 2000.000000 3000.000000 4000.000000
0.932257 1000.000000 2000.000000 3000.000000 4000.000000
1.031215 1000.000000 2000.000000 3000.000000 4000.000000
1.131643 1000.000000 2000.000000 3000.000000 4000.000000
1.231720 1000.000000 2000.000000 3000.000000 4000.000000
1.332331 1000.000000 2000.000000 3000.000000 4000.000000
1.431852 1000.000000 2000.000000 3000.000000 4000.000000
1.532577 1000.000000 2000.000000 3000.000000 4000.000000
0.103346 1000.000000 2000.000000 3000.000000 4000.000000
0.202597 1000.000000 2000.000000 3000.000000 4000.000000
0.301837 1000.000000 2000.000000 3000.000000 4000.000000
0.403203 1000.000000 2000.000000 3000.000000 4000.000000
0.502245 1000.000000 2000.000000 3000.000000 4000.000000
0.602459 1000.000000 2000.000000 3000.000000 4000.000000
0.702889 1000.000000 2000.000000 3000.000000 4000.000000
0.803233 1000.000000 2000.000000 3000.000000 4000.000000
0.902828 1000.000000 2000.000000 3000.000000 4000.000000
1.001971 1000.000000 2000.000000 3000.000000 4000.000000
1.103307 1000.000000 2000.000000 3000.000000 4000.000000
1.203427 1000.000000 2000.000000 3000.000000 4000.000000
1.303011 1000.000000 2000.000000 3000.000000 4000.000000
0.096347 1000.000000 2000.000000 3000.000000 4000.000000
0.190539 1000.000000 2000.000000 3000.000000 4000.000000
0.289165 1000.000000 2000.000000 3000.000000 4000.000000
0.389671 1000.000000 2000.000000 3000.000000 4000.000000
0.489655 1000.000000 2000.000000 3000.000000 4000.000000
0.590216 1000.000000 2000.000000 3000.000000 4000.000000
0.689801 1000.000000 2000.000000 3000.000000 4000.000000
0.789145 1000.000000 2000.000000 3000.000000 4000.000000
0.890702 1000.000000 2000.000000 3000.000000 4000.000000
0.989867 1000.000000 2000.000000 3000.000000 4000.000000
1.090115 1000.000000 2000.000000 3000.000000 4000.000000
1.189451 1000.000000 2000.000000 3000.000000 4000.000000
1.289785 1000.000000 2000.000000 3000.000000 4000.000000
1.390291 1000.000000 2000.000000 3000.000000 4000.000000
0.096349 1000.000000 2000.000000 3000.000000 4000.000000
0.191015 1000.000000 2000.000000 3000.000000 4000.000000
0.096138 1000.000000 2000.000000 3000.000000 4000.000000
0.189920 1000.000000 2000.000000 3000.000000 4000.000000
0.095290 1000.000000 2000.000000 3000.000000 4000.000000
0.095565 1000.000000 2000.000000 3000.000000 4000.000000
0.103368 1000.000000 2000.000000 3000.000000 4000.000000
0.105017 1000.000000 2000.000000 3000.000000 4000.000000
0.106646 1000.000000 2000.000000 3000.000000 4000.000000
0.106339 1000.000000 2000.000000 3000.000000 4000.000000
0.207879 1000.000000 2000.000000 3000.000000 4000.000000
0.308320 1000.000000 2000.000000 3000.000000 4000.000000
0.408273 1000.000000 2000.000000 3000.000000 4000.000000
0.507956 1000.000000 2000.000000 3000.000000 4000.000000
0.607798 1000.000000 2000.000000 3000.000000 4000.000000
0.707045 1000.000000 2000.000000 3000.000000 4000.000000
0.807608 1000.000000 2000.000000 3000.000000 4000.000000
0.907567 1000.000000 2000.000000 3000.000000 4000.000000
1.007824 1000.000000 2000.000000 3000.000000 4000.000000
0.096740 1000.000000 2000.000000 3000.000000 4000.000000
0.191336 1000.000000 2000.000000 3000.000000 4000.000000
0.286887 1000.000000 2000.000000 3000.000000 4000.000000
0.386474 1000.000000 2000.000000 3000.000000 4000.000000
0.487119 1000.000000 2000.000000 3000.000000 4000.000000
0.585916 1000.000000 2000.000000 3000.000000 4000.000000
0.686353 1000.000000 2000.000000 3000.000000 4000.000000
0.785307 1000.000000 2000.000000 3000.000000 4000.000000
0.886890 1000.000000 2000.000000 3000.000000 4000.000000
0.985703 1000.000000 2000.000000 3000.000000 4000.000000
1.087134 1000.000000 2000.000000 3000.000000 4000.000000
1.186378 1000.000000 2000.000000 3000.000000 4000.000000
1.286675 1000.000000 2000.000000 3000.000000 4000.000000
1.386268 1000.000000 2000.000000 3000.000000 4000.000000
1.485818 1000.000000 2000.000000 3000.000000 4000.000000
1.586004 1000.000000 2000.000000 3000.000000 4000.000000
1.686587 1000.000000 2000.000000 3000.000000 4000.000000
1.787014 1000.000000 2000.000000 3000.000000 4000.000000
1.886352 1000.000000 2000.000000 3000.000000 4000.000000
1.985990 1000.000000 2000.000000 3000.000000 4000.000000
2.085452 1000.000000 2000.000000 3000.000000 4000.000000
2.185930 1000.000000 2000.000000 3000.000000 4000.000000
2.286390 1000.000000 2000.000000 3000.000000 4000.000000
2.386299 1000.000000 2000.000000 3000.000000 4000.000000
2.486701 1000.000000 2000.000000 3000.000000 4000.000000
2.585584 1000.000000 2000.000000 3000.000000 4000.000000
2.685924 1000.000000 2000.000000 3000.000000 4000.000000
2.786520 1000.000000 2000.000000 3000.000000 4000.000000
2.886829 1000.000000 2000.000000 3000.000000 4000.000000
2.986541 1000.000000 2000.000000 3000.000000 4000.000000
0.101278 1000.000000 2000.000000 3000.000000 4000.000000
0.201526 1000.000000 2000.000000 3000.000000 4000.000000
0.301914 1000.000000 2000.000000 3000.000000 4000.000000
0.401376 1000.000000 2000.000000 3000.000000 4000.000000
0.501628 1000.000000 2000.000000 3000.000000 4000.000000
0.601963 1000.000000 2000.000000 3000.000000 4000.000000
0.701294 1000.000000 2000.000000 3000.000000 4000.000000
0.801598 1000.000000 2000.000000 3000.000000 4000.000000
0.901320 1000.000000 2000.000000 3000.000000 4000.000000
1.001111 1000.000000 2000.000000 3000.000000 4000.000000
1.100710 1000.000000 2000.000000 3000.000000 4000.000000
1.201263 1000.000000 2000.000000 3000.000000 4000.000000
1.301046 1000.000000 2000.000000 3000.000000 4000.000000
1.401772 1000.000000 2000.000000 3000.000000 4000.000000
1.501268 1000.000000 2000.000000 3000.000000 4000.000000
1.601772 1000.000000 2000.000000 3000.000000 4000.000000
1.700567 1000.000000 2000.000000 3000.000000 4000.000000
1.801909 1000.000000 2000.000000 3000.000000 4000.000000
1.901293 1000.000000 2000.000000 3000.000000 4000.000000
2.001859 1000.000000 2000.000000 3000.000000 4000.000000
2.101707 1000.000000 2000.000000 3000.000000 4000.000000
2.201299 1000.000000 2000.000000 3000.000000 4000.000000
2.301956 1000.000000 2000.000000 3000.000000 4000.000000
2.401617 1000.000000 2000.000000 3000.000000 4000.000000
2.502030 1000.000000 2000.000000 3000.000000 4000.000000
0.106220 1000.000000 2000.000000 3000.000000 4000.000000
0.210950 1000.000000 2000.000000 3000.000000 4000.000000
0.313355 1000.000000 2000.000000 3000.000000 4000.000000
0.414300 1000.000000 2000.000000 3000.000000 4000.000000
0.513862 1000.000000 2000.000000 3000.000000 4000.000000
0.614606 1000.000000 2000.000000 3000.000000 4000.000000
0.714509 1000.000000 2000.000000 3000.000000 4000.000000
0.813898 1000.000000 2000.000000 3000.000000 4000.000000
0.914381 1000.000000 2000.000000 3000.000000 4000.000000
1.014140 1000.000000 2000.000000 3000.000000 4000.000000
1.114415 1000.000000 2000.000000 3000.000000 4000.000000
1.214080 1000.000000 2000.000000 3000.000000 4000.000000
1.313993 1000.000000 2000.000000 3000.000000 4000.000000
1.414375 1000.000000 2000.000000 3000.000000 4000.000000
1.513700 1000.000000 2000.000000 3000.000000 4000.000000
1.613889 1000.000000 2000.000000 3000.000000 4000.000000
1.714620 1000.000000 2000.000000 3000.000000 4000.000000
1.813981 1000.000000 2000.000000 3000.000000 4000.000000
1.914393 1000.000000 2000.000000 3000.000000 4000.000000
2.014041 1000.000000 2000.000000 3000.000000 4000.000000
2.114657 1000.000000 2000.000000 3000.000000 4000.000000
2.214389 1000.000000 2000.000000 3000.000000 4000.000000
2.313997 1000.000000 2000.000000 3000.000000 4000.000000
2.413710 1000.000000 2000.000000 3000.000000 4000.000000
2.514380 1000.000000 2000.000000 3000.000000 4000.000000
2.614057 1000.000000 2000.000000 3000.000000 4000.000000
2.714441 1000.000000 2000.000000 3000.000000 4000.000000
2.814237 1000.000000 2000.000000 3000.000000 4000.000000
2.914651 1000.000000 2000.000000 3000.000000 4000.000000
3.013471 1000.000000 2000.000000 3000.000000 4000.000000
3.114399 1000.000000 2000.000000 3000.000000 4000.000000
3.214209 1000.000000 2000.000000 3000.000000 4000.000000
3.313966 1000.000000 2000.000000 3000.000000 4000.000000
3.413463 1000.000000 2000.000000 3000.000000 4000.000000
3.514060 1000.000000 2000.000000 3000.000000 4000.000000
3.613836 1000.000000 2000.000000 3000.000000 4000.000000
3.714491 1000.000000 2000.000000 3000.000000 4000.000000
3.813651 1000.000000 2000.000000 3000.000000 4000.000000
3.913494 1000.000000 2000.000000 3000.000000 4000.000000
4.014033 1000.000000 2000.000000 3000.000000 4000.000000
4.113858 1000.000000 2000.000000 3000.000000 4000.000000
4.213498 1000.000000 2000.000000 3000.000000 4000.000000
4.313932 1000.000000 2000.000000 3000.000000 4000.000000
4.414335 1000.000000 2000.000000 3000.000000 4000.000000
4.514047 1000.000000 2000.000000 3000.000000 4000.000000
4.613908 1000.000000 2000.000000 3000.000000 4000.000000
4.714544 1000.000000 2000.000000 3000.000000 4000.000000
4.814308 1000.000000 2000.000000 3000.000000 4000.000000
4.913819 1000.000000 2000.000000 3000.000000 4000.000000
5.014066 1000.000000 2000.000000 3000.000000 4000.000000
5.114067 1000.000000 2000.000000 3000.000000 4000.000000
5.214532 1000.000000 2000.000000 3000.000000 4000.000000
5.314318 1000.000000 2000.000000 3000.000000 4000.000000
5.414089 1000.000000 2000.000000 3000.000000 4000.000000
5.512848 1000.000000 2000.000000 3000.000000 4000.000000
5.614121 1000.000000 2000.000000 3000.000000 4000.000000
5.714050 1000.000000 2000.000000 3000.000000 4000.000000
5.814593 1000.000000 2000.000000 3000.000000 4000.000000
5.914794 1000.000000 2000.000000 3000.000000 4000.000000
6.013906 1000.000000 2000.000000 3000.000000 4000.000000
6.114499 1000.000000 2000.000000 3000.000000 4000.000000
6.214198 1000.000000 2000.000000 3000.000000 4000.000000
6.313781 1000.000000 2000.000000 3000.000000 4000.000000
6.414651 1000.000000 2000.000000 3000.000000 4000.000000
6.514472 1000.000000 2000.000000 3000.000000 4000.000000
6.613297 1000.000000 2000.000000 3000.000000 4000.000000
6.713488 1000.000000 2000.000000 3000.000000 4000.000000
6.814138 1000.000000 2000.000000 3000.000000 4000.000000
6.914235 1000.000000 2000.000000 3000.000000 4000.000000
7.013138 1000.000000 2000.000000 3000.000000 4000.000000
7.112828 1000.000000 2000.000000 3000.000000 4000.000000
7.213259 1000.000000 2000.000000 3000.000000 4000.000000
7.313884 1000.000000 2000.000000 3000.000000 4000.000000
7.413828 1000.000000 2000.000000 3000.000000 4000.000000
7.513749 1000.000000 2000.000000 3000.000000 4000.000000
7.613727 1000.000000 2000.000000 3000.000000 4000.000000
7.714301 1000.000000 2000.000000 3000.000000 4000.000000
7.813776 1000.000000 2000.000000 3000.000000 4000.000000
7.913316 1000.000000 2000.000000 3000.000000 4000.000000
8.013400 1000.000000 2000.000000 3000.000000 4000.000000
8.113730 1000.000000 2000.000000 3000.000000 4000.000000
8.214557 1000.000000 2000.000000 3000.000000 4000.000000
8.313688 1000.000000 2000.000000 3000.000000 4000.000000
8.413433 1000.000000 2000.000000 3000.000000 4000.000000
8.513752 1000.000000 2000.000000 3000.000000 4000.000000
8.614032 1000.000000 2000.000000 3000.000000 4000.000000
8.713969 1000.000000 2000.000000 3000.000000 4000.000000
8.813832 1000.000000 2000.000000 3000.000000 4000.000000
8.913531 1000.000000 2000.000000 3000.000000 4000.000000
9.013760 1000.000000 2000.000000 3000.000000 4000.000000
9.113643 1000.000000 2000.000000 3000.000000 4000.000000
9.213654 1000.000000 2000.000000 3000.000000 4000.000000
9.313548 1000.000000 2000.000000 3000.000000 4000.000000
9.414201 1000.000000 2000.000000 3000.000000 4000.000000
9.513968 1000.000000 2000.000000 3000.000000 4000.000000
9.613998 1000.000000 2000.000000 3000.000000 4000.000000
9.714026 1000.000000 2000.000000 3000.000000 4000.000000
9.813963 1000.000000 2000.000000 3000.000000 4000.000000
9.913950 1000.000000 2000.000000 3000.000000 4000.000000
10.013872 1000.000000 2000.000000 3000.000000 4000.000000
10.113835 1000.000000 2000.000000 3000.000000 4000.000000
10.213746 1000.000000 2000.000000 3000.000000 4000.000000
10.313692 1000.000000 2000.000000 3000.000000 4000.000000
10.412717 1000.000000 2000.000000 3000.000000 4000.000000
10.514489 1000.000000 2000.000000 3000.000000 4000.000000
10.613799 1000.000000 2000.000000 3000.000000 4000.000000
10.713986 1000.000000 2000.000000 3000.000000 4000.000000
10.813644 1000.000000 2000.000000 3000.000000 4000.000000
10.913955 1000.000000 2000.000000 3000.000000 4000.000000
11.012844 1000.000000 2000.000000 3000.000000 4000.000000
11.113553 1000.000000 2000.000000 3000.000000 4000.000000
11.212892 1000.000000 2000.000000 3000.000000 4000.000000
